60,60,60,60,60,60,60,60,60,60,60,60,60,60,60,60,60,60,60,60,60,60,60,60,60,60,60,60,60,60,60,60,60,60,60,60,60,60,60,60,60,60,60,60,60,60,60,60,60,60
59.298,59.298,59.298,59.298,59.298,59.298,59.298,59.298,59.298,59.298,59.298,59.298,59.298,59.298,59.298,59.298,59.298,59.298,59.298,59.298,59.298,59.298,59.298,59.298,59.298,59.298,59.298,59.298,59.298,59.298,59.298,59.298,59.298,59.298,59.298,59.298,59.298,59.298,59.298,59.298,59.298,59.298,59.298,59.298,59.298,59.298,59.298,59.298,59.298,59.298
58.596,58.596,58.596,58.596,58.596,58.596,58.596,58.596,58.596,58.596,58.596,58.596,58.596,58.596,58.596,58.596,58.596,58.596,58.596,58.596,58.596,58.596,58.596,58.596,58.596,58.596,58.596,58.596,58.596,58.596,58.596,58.596,58.596,58.596,58.596,58.596,58.596,58.596,58.596,58.596,58.596,58.596,58.596,58.596,58.596,58.596,58.596,58.596,58.596,58.596
57.895,57.895,57.895,57.895,57.895,57.895,57.895,57.895,57.895,57.895,57.895,57.895,57.895,57.895,57.895,57.895,57.895,57.895,57.895,57.895,57.895,57.895,57.895,57.895,57.895,57.895,57.895,57.895,57.895,57.895,57.895,57.895,57.895,57.895,57.895,57.895,57.895,57.895,57.895,57.895,57.895,57.895,57.895,57.895,57.895,57.895,57.895,57.895,57.895,57.895
57.193,57.193,57.193,57.193,57.193,57.193,57.193,57.193,57.193,57.193,57.193,57.193,57.193,57.193,57.193,57.193,57.193,57.193,57.193,57.193,57.193,57.193,57.193,57.193,57.193,57.193,57.193,57.193,57.193,57.193,57.193,57.193,57.193,57.193,57.193,57.193,57.193,57.193,57.193,57.193,57.193,57.193,57.193,57.193,57.193,57.193,57.193,57.193,57.193,57.193
56.491,56.491,56.491,56.491,56.491,56.491,56.491,56.491,56.491,56.491,56.491,56.491,56.491,56.491,56.491,56.491,56.491,56.491,56.491,56.491,56.491,56.491,56.491,56.491,56.491,56.491,56.491,56.491,56.491,56.491,56.491,56.491,56.491,56.491,56.491,56.491,56.491,56.491,56.491,56.491,56.491,56.491,56.491,56.491,56.491,56.491,56.491,56.491,56.491,56.491
55.789,55.789,55.789,55.789,55.789,55.789,55.789,55.789,55.789,55.789,55.789,55.789,55.789,55.789,55.789,55.789,55.789,55.789,55.789,55.789,55.789,55.789,55.789,55.789,55.789,55.789,55.789,55.789,55.789,55.789,55.789,55.789,55.789,55.789,55.789,55.789,55.789,55.789,55.789,55.789,55.789,55.789,55.789,55.789,55.789,55.789,55.789,55.789,55.789,55.789
55.088,55.088,55.088,55.088,55.088,55.088,55.088,55.088,55.088,55.088,55.088,55.088,55.088,55.088,55.088,55.088,55.088,55.088,55.088,55.088,55.088,55.088,55.088,55.088,55.088,55.088,55.088,55.088,55.088,55.088,55.088,55.088,55.088,55.088,55.088,55.088,55.088,55.088,55.088,55.088,55.088,55.088,55.088,55.088,55.088,55.088,55.088,55.088,55.088,55.088
54.386,54.386,54.386,54.386,54.386,54.386,54.386,54.386,54.386,54.386,54.386,54.386,54.386,54.386,54.386,54.386,54.386,54.386,54.386,54.386,54.386,54.386,54.386,54.386,54.386,54.386,54.386,54.386,54.386,54.386,54.386,54.386,54.386,54.386,54.386,54.386,54.386,54.386,54.386,54.386,54.386,54.386,54.386,54.386,54.386,54.386,54.386,54.386,54.386,54.386
53.684,53.684,53.684,53.684,53.684,53.684,53.684,53.684,53.684,53.684,53.684,53.684,53.684,53.684,53.684,53.684,53.684,53.684,53.684,53.684,53.684,53.684,53.684,53.684,53.684,53.684,53.684,53.684,53.684,53.684,53.684,53.684,53.684,53.684,53.684,53.684,53.684,53.684,53.684,53.684,53.684,53.684,53.684,53.684,53.684,53.684,53.684,53.684,53.684,53.684
52.982,52.982,52.982,52.982,52.982,52.982,52.982,52.982,52.982,52.982,52.982,52.982,52.982,52.982,52.982,52.982,52.982,52.982,52.982,52.982,52.982,52.982,52.982,52.982,52.982,52.982,52.982,52.982,52.982,52.982,52.982,52.982,52.982,52.982,52.982,52.982,52.982,52.982,52.982,52.982,52.982,52.982,52.982,52.982,52.982,52.982,52.982,52.982,52.982,52.982
52.281,52.281,52.281,52.281,52.281,52.281,52.281,52.281,52.281,52.281,52.281,52.281,52.281,52.281,52.281,52.281,52.281,52.281,52.281,52.281,52.281,52.281,52.281,52.281,52.281,52.281,52.281,52.281,52.281,52.281,52.281,52.281,52.281,52.281,52.281,52.281,52.281,52.281,52.281,52.281,52.281,52.281,52.281,52.281,52.281,52.281,52.281,52.281,52.281,52.281
51.579,51.579,51.579,51.579,51.579,51.579,51.579,51.579,51.579,51.579,51.579,51.579,51.579,51.579,51.579,51.579,51.579,51.579,51.579,51.579,51.579,51.579,51.579,51.579,51.579,51.579,51.579,51.579,51.579,51.579,51.579,51.579,51.579,51.579,51.579,51.579,51.579,51.579,51.579,51.579,51.579,51.579,51.579,51.579,51.579,51.579,51.579,51.579,51.579,51.579
50.877,50.877,50.877,50.877,50.877,50.877,50.877,50.877,50.877,50.877,50.877,50.877,50.877,50.877,50.877,50.877,50.877,50.877,50.877,50.877,50.877,50.877,50.877,50.877,50.877,50.877,50.877,50.877,50.877,50.877,50.877,50.877,50.877,50.877,50.877,50.877,50.877,50.877,50.877,50.877,50.877,50.877,50.877,50.877,50.877,50.877,50.877,50.877,50.877,50.877
50.175,50.175,50.175,50.175,50.175,50.175,50.175,50.175,50.175,50.175,50.175,50.175,50.175,50.175,50.175,50.175,50.175,50.175,50.175,50.175,50.175,50.175,50.175,50.175,50.175,50.175,50.175,50.175,50.175,50.175,50.175,50.175,50.175,50.175,50.175,50.175,50.175,50.175,50.175,50.175,50.175,50.175,50.175,50.175,50.175,50.175,50.175,50.175,50.175,50.175
49.474,49.474,49.474,49.474,49.474,49.474,49.474,49.474,49.474,49.474,49.474,49.474,49.474,49.474,49.474,49.474,49.474,49.474,49.474,49.474,49.474,49.474,49.474,49.474,49.474,49.474,49.474,49.474,49.474,49.474,49.474,49.474,49.474,49.474,49.474,49.474,49.474,49.474,49.474,49.474,49.474,49.474,49.474,49.474,49.474,49.474,49.474,49.474,49.474,49.474
48.772,48.772,48.772,48.772,48.772,48.772,48.772,48.772,48.772,48.772,48.772,48.772,48.772,48.772,48.772,48.772,48.772,48.772,48.772,48.772,48.772,48.772,48.772,48.772,48.772,48.772,48.772,48.772,48.772,48.772,48.772,48.772,48.772,48.772,48.772,48.772,48.772,48.772,48.772,48.772,48.772,48.772,48.772,48.772,48.772,48.772,48.772,48.772,48.772,48.772
48.07,48.07,48.07,48.07,48.07,48.07,48.07,48.07,48.07,48.07,48.07,48.07,48.07,48.07,48.07,48.07,48.07,48.07,48.07,48.07,48.07,48.07,48.07,48.07,48.07,48.07,48.07,48.07,48.07,48.07,48.07,48.07,48.07,48.07,48.07,48.07,48.07,48.07,48.07,48.07,48.07,48.07,48.07,48.07,48.07,48.07,48.07,48.07,48.07,48.07
47.368,47.368,47.368,47.368,47.368,47.368,47.368,47.368,47.368,47.368,47.368,47.368,47.368,47.368,47.368,47.368,47.368,47.368,47.368,47.368,47.368,47.368,47.368,47.368,47.368,47.368,47.368,47.368,47.368,47.368,47.368,47.368,47.368,47.368,47.368,47.368,47.368,47.368,47.368,47.368,47.368,47.368,47.368,47.368,47.368,47.368,47.368,47.368,47.368,47.368
46.667,46.667,46.667,46.667,46.667,46.667,46.667,46.667,46.667,46.667,46.667,46.667,46.667,46.667,46.667,46.667,46.667,46.667,46.667,46.667,46.667,46.667,46.667,46.667,46.667,46.667,46.667,46.667,46.667,46.667,46.667,46.667,46.667,46.667,46.667,46.667,46.667,46.667,46.667,46.667,46.667,46.667,46.667,46.667,46.667,46.667,46.667,46.667,46.667,46.667
45.965,45.965,45.965,45.965,45.965,45.965,45.965,45.965,45.965,45.965,45.965,45.965,45.965,45.965,45.965,45.965,45.965,45.965,45.965,45.965,45.965,45.965,45.965,45.965,45.965,45.965,45.965,45.965,45.965,45.965,45.965,45.965,45.965,45.965,45.965,45.965,45.965,45.965,45.965,45.965,45.965,45.965,45.965,45.965,45.965,45.965,45.965,45.965,45.965,45.965
45.263,45.263,45.263,45.263,45.263,45.263,45.263,45.263,45.263,45.263,45.263,45.263,45.263,45.263,45.263,45.263,45.263,45.263,45.263,45.263,45.263,45.263,45.263,45.263,45.263,45.263,45.263,45.263,45.263,45.263,45.263,45.263,45.263,45.263,45.263,45.263,45.263,45.263,45.263,45.263,45.263,45.263,45.263,45.263,45.263,45.263,45.263,45.263,45.263,45.263
