-14.766,-14.062,-13.359,-12.656,-11.953,-11.25,-10.547,-9.8438,-9.1406,-8.4375,-7.7344,-7.0312,-6.3281,-5.625,-4.9219,-4.2188,-3.5156,-2.8125,-2.1094,-1.4062,-0.70312,0,0.70312,1.4062,2.1094,2.8125,3.5156,4.2188,4.9219,5.625,6.3281,7.0312,7.7344,8.4375,9.1406,9.8438,10.547,11.25,11.953,12.656,13.359,14.062,14.766,15.469,16.172,16.875,17.578,18.281,18.984,19.688
-14.766,-14.062,-13.359,-12.656,-11.953,-11.25,-10.547,-9.8438,-9.1406,-8.4375,-7.7344,-7.0312,-6.3281,-5.625,-4.9219,-4.2188,-3.5156,-2.8125,-2.1094,-1.4062,-0.70312,0,0.70312,1.4062,2.1094,2.8125,3.5156,4.2188,4.9219,5.625,6.3281,7.0312,7.7344,8.4375,9.1406,9.8438,10.547,11.25,11.953,12.656,13.359,14.062,14.766,15.469,16.172,16.875,17.578,18.281,18.984,19.688
-14.766,-14.062,-13.359,-12.656,-11.953,-11.25,-10.547,-9.8438,-9.1406,-8.4375,-7.7344,-7.0312,-6.3281,-5.625,-4.9219,-4.2188,-3.5156,-2.8125,-2.1094,-1.4062,-0.70312,0,0.70312,1.4062,2.1094,2.8125,3.5156,4.2188,4.9219,5.625,6.3281,7.0312,7.7344,8.4375,9.1406,9.8438,10.547,11.25,11.953,12.656,13.359,14.062,14.766,15.469,16.172,16.875,17.578,18.281,18.984,19.688
-14.766,-14.062,-13.359,-12.656,-11.953,-11.25,-10.547,-9.8438,-9.1406,-8.4375,-7.7344,-7.0312,-6.3281,-5.625,-4.9219,-4.2188,-3.5156,-2.8125,-2.1094,-1.4062,-0.70312,0,0.70312,1.4062,2.1094,2.8125,3.5156,4.2188,4.9219,5.625,6.3281,7.0312,7.7344,8.4375,9.1406,9.8438,10.547,11.25,11.953,12.656,13.359,14.062,14.766,15.469,16.172,16.875,17.578,18.281,18.984,19.688
-14.766,-14.062,-13.359,-12.656,-11.953,-11.25,-10.547,-9.8438,-9.1406,-8.4375,-7.7344,-7.0312,-6.3281,-5.625,-4.9219,-4.2188,-3.5156,-2.8125,-2.1094,-1.4062,-0.70312,0,0.70312,1.4062,2.1094,2.8125,3.5156,4.2188,4.9219,5.625,6.3281,7.0312,7.7344,8.4375,9.1406,9.8438,10.547,11.25,11.953,12.656,13.359,14.062,14.766,15.469,16.172,16.875,17.578,18.281,18.984,19.688
-14.766,-14.062,-13.359,-12.656,-11.953,-11.25,-10.547,-9.8438,-9.1406,-8.4375,-7.7344,-7.0312,-6.3281,-5.625,-4.9219,-4.2188,-3.5156,-2.8125,-2.1094,-1.4062,-0.70312,0,0.70312,1.4062,2.1094,2.8125,3.5156,4.2188,4.9219,5.625,6.3281,7.0312,7.7344,8.4375,9.1406,9.8438,10.547,11.25,11.953,12.656,13.359,14.062,14.766,15.469,16.172,16.875,17.578,18.281,18.984,19.688
-14.766,-14.062,-13.359,-12.656,-11.953,-11.25,-10.547,-9.8438,-9.1406,-8.4375,-7.7344,-7.0312,-6.3281,-5.625,-4.9219,-4.2188,-3.5156,-2.8125,-2.1094,-1.4062,-0.70312,0,0.70312,1.4062,2.1094,2.8125,3.5156,4.2188,4.9219,5.625,6.3281,7.0312,7.7344,8.4375,9.1406,9.8438,10.547,11.25,11.953,12.656,13.359,14.062,14.766,15.469,16.172,16.875,17.578,18.281,18.984,19.688
-14.766,-14.062,-13.359,-12.656,-11.953,-11.25,-10.547,-9.8438,-9.1406,-8.4375,-7.7344,-7.0312,-6.3281,-5.625,-4.9219,-4.2188,-3.5156,-2.8125,-2.1094,-1.4062,-0.70312,0,0.70312,1.4062,2.1094,2.8125,3.5156,4.2188,4.9219,5.625,6.3281,7.0312,7.7344,8.4375,9.1406,9.8438,10.547,11.25,11.953,12.656,13.359,14.062,14.766,15.469,16.172,16.875,17.578,18.281,18.984,19.688
-14.766,-14.062,-13.359,-12.656,-11.953,-11.25,-10.547,-9.8438,-9.1406,-8.4375,-7.7344,-7.0312,-6.3281,-5.625,-4.9219,-4.2188,-3.5156,-2.8125,-2.1094,-1.4062,-0.70312,0,0.70312,1.4062,2.1094,2.8125,3.5156,4.2188,4.9219,5.625,6.3281,7.0312,7.7344,8.4375,9.1406,9.8438,10.547,11.25,11.953,12.656,13.359,14.062,14.766,15.469,16.172,16.875,17.578,18.281,18.984,19.688
-14.766,-14.062,-13.359,-12.656,-11.953,-11.25,-10.547,-9.8438,-9.1406,-8.4375,-7.7344,-7.0312,-6.3281,-5.625,-4.9219,-4.2188,-3.5156,-2.8125,-2.1094,-1.4062,-0.70312,0,0.70312,1.4062,2.1094,2.8125,3.5156,4.2188,4.9219,5.625,6.3281,7.0312,7.7344,8.4375,9.1406,9.8438,10.547,11.25,11.953,12.656,13.359,14.062,14.766,15.469,16.172,16.875,17.578,18.281,18.984,19.688
-14.766,-14.062,-13.359,-12.656,-11.953,-11.25,-10.547,-9.8438,-9.1406,-8.4375,-7.7344,-7.0312,-6.3281,-5.625,-4.9219,-4.2188,-3.5156,-2.8125,-2.1094,-1.4062,-0.70312,0,0.70312,1.4062,2.1094,2.8125,3.5156,4.2188,4.9219,5.625,6.3281,7.0312,7.7344,8.4375,9.1406,9.8438,10.547,11.25,11.953,12.656,13.359,14.062,14.766,15.469,16.172,16.875,17.578,18.281,18.984,19.688
-14.766,-14.062,-13.359,-12.656,-11.953,-11.25,-10.547,-9.8438,-9.1406,-8.4375,-7.7344,-7.0312,-6.3281,-5.625,-4.9219,-4.2188,-3.5156,-2.8125,-2.1094,-1.4062,-0.70312,0,0.70312,1.4062,2.1094,2.8125,3.5156,4.2188,4.9219,5.625,6.3281,7.0312,7.7344,8.4375,9.1406,9.8438,10.547,11.25,11.953,12.656,13.359,14.062,14.766,15.469,16.172,16.875,17.578,18.281,18.984,19.688
-14.766,-14.062,-13.359,-12.656,-11.953,-11.25,-10.547,-9.8438,-9.1406,-8.4375,-7.7344,-7.0312,-6.3281,-5.625,-4.9219,-4.2188,-3.5156,-2.8125,-2.1094,-1.4062,-0.70312,0,0.70312,1.4062,2.1094,2.8125,3.5156,4.2188,4.9219,5.625,6.3281,7.0312,7.7344,8.4375,9.1406,9.8438,10.547,11.25,11.953,12.656,13.359,14.062,14.766,15.469,16.172,16.875,17.578,18.281,18.984,19.688
-14.766,-14.062,-13.359,-12.656,-11.953,-11.25,-10.547,-9.8438,-9.1406,-8.4375,-7.7344,-7.0312,-6.3281,-5.625,-4.9219,-4.2188,-3.5156,-2.8125,-2.1094,-1.4062,-0.70312,0,0.70312,1.4062,2.1094,2.8125,3.5156,4.2188,4.9219,5.625,6.3281,7.0312,7.7344,8.4375,9.1406,9.8438,10.547,11.25,11.953,12.656,13.359,14.062,14.766,15.469,16.172,16.875,17.578,18.281,18.984,19.688
-14.766,-14.062,-13.359,-12.656,-11.953,-11.25,-10.547,-9.8438,-9.1406,-8.4375,-7.7344,-7.0312,-6.3281,-5.625,-4.9219,-4.2188,-3.5156,-2.8125,-2.1094,-1.4062,-0.70312,0,0.70312,1.4062,2.1094,2.8125,3.5156,4.2188,4.9219,5.625,6.3281,7.0312,7.7344,8.4375,9.1406,9.8438,10.547,11.25,11.953,12.656,13.359,14.062,14.766,15.469,16.172,16.875,17.578,18.281,18.984,19.688
-14.766,-14.062,-13.359,-12.656,-11.953,-11.25,-10.547,-9.8438,-9.1406,-8.4375,-7.7344,-7.0312,-6.3281,-5.625,-4.9219,-4.2188,-3.5156,-2.8125,-2.1094,-1.4062,-0.70312,0,0.70312,1.4062,2.1094,2.8125,3.5156,4.2188,4.9219,5.625,6.3281,7.0312,7.7344,8.4375,9.1406,9.8438,10.547,11.25,11.953,12.656,13.359,14.062,14.766,15.469,16.172,16.875,17.578,18.281,18.984,19.688
-14.766,-14.062,-13.359,-12.656,-11.953,-11.25,-10.547,-9.8438,-9.1406,-8.4375,-7.7344,-7.0312,-6.3281,-5.625,-4.9219,-4.2188,-3.5156,-2.8125,-2.1094,-1.4062,-0.70312,0,0.70312,1.4062,2.1094,2.8125,3.5156,4.2188,4.9219,5.625,6.3281,7.0312,7.7344,8.4375,9.1406,9.8438,10.547,11.25,11.953,12.656,13.359,14.062,14.766,15.469,16.172,16.875,17.578,18.281,18.984,19.688
-14.766,-14.062,-13.359,-12.656,-11.953,-11.25,-10.547,-9.8438,-9.1406,-8.4375,-7.7344,-7.0312,-6.3281,-5.625,-4.9219,-4.2188,-3.5156,-2.8125,-2.1094,-1.4062,-0.70312,0,0.70312,1.4062,2.1094,2.8125,3.5156,4.2188,4.9219,5.625,6.3281,7.0312,7.7344,8.4375,9.1406,9.8438,10.547,11.25,11.953,12.656,13.359,14.062,14.766,15.469,16.172,16.875,17.578,18.281,18.984,19.688
-14.766,-14.062,-13.359,-12.656,-11.953,-11.25,-10.547,-9.8438,-9.1406,-8.4375,-7.7344,-7.0312,-6.3281,-5.625,-4.9219,-4.2188,-3.5156,-2.8125,-2.1094,-1.4062,-0.70312,0,0.70312,1.4062,2.1094,2.8125,3.5156,4.2188,4.9219,5.625,6.3281,7.0312,7.7344,8.4375,9.1406,9.8438,10.547,11.25,11.953,12.656,13.359,14.062,14.766,15.469,16.172,16.875,17.578,18.281,18.984,19.688
-14.766,-14.062,-13.359,-12.656,-11.953,-11.25,-10.547,-9.8438,-9.1406,-8.4375,-7.7344,-7.0312,-6.3281,-5.625,-4.9219,-4.2188,-3.5156,-2.8125,-2.1094,-1.4062,-0.70312,0,0.70312,1.4062,2.1094,2.8125,3.5156,4.2188,4.9219,5.625,6.3281,7.0312,7.7344,8.4375,9.1406,9.8438,10.547,11.25,11.953,12.656,13.359,14.062,14.766,15.469,16.172,16.875,17.578,18.281,18.984,19.688
-14.766,-14.062,-13.359,-12.656,-11.953,-11.25,-10.547,-9.8438,-9.1406,-8.4375,-7.7344,-7.0312,-6.3281,-5.625,-4.9219,-4.2188,-3.5156,-2.8125,-2.1094,-1.4062,-0.70312,0,0.70312,1.4062,2.1094,2.8125,3.5156,4.2188,4.9219,5.625,6.3281,7.0312,7.7344,8.4375,9.1406,9.8438,10.547,11.25,11.953,12.656,13.359,14.062,14.766,15.469,16.172,16.875,17.578,18.281,18.984,19.688
-14.766,-14.062,-13.359,-12.656,-11.953,-11.25,-10.547,-9.8438,-9.1406,-8.4375,-7.7344,-7.0312,-6.3281,-5.625,-4.9219,-4.2188,-3.5156,-2.8125,-2.1094,-1.4062,-0.70312,0,0.70312,1.4062,2.1094,2.8125,3.5156,4.2188,4.9219,5.625,6.3281,7.0312,7.7344,8.4375,9.1406,9.8438,10.547,11.25,11.953,12.656,13.359,14.062,14.766,15.469,16.172,16.875,17.578,18.281,18.984,19.688
